"TOA5","OLFPR","CR6","6964","CR6.Std.06.08","CPU:dataKarinaAndre.CR6","4134","avg_h"
"TIMESTAMP","RECORD","BattV_Min","thermoGHI_Avg","PhotoGHI_Avg","Temp_Avg","WS_ms_Avg","WS_ms_S_WVT","WindDir_D1_WVT","WindDir_SD1_WVT","RHum_Avg","RHum_Max","thermoGHI_Std","PhotoGHI_Std","Temp_Std","WS_ms_Std","RHum_Min"
"TS","RN","Volts","W/m^2","W/m2","Deg C","meters/second","meters/second","Deg","Deg","%","%","W/m^2","W/m2","Deg C","meters/second","%"
"","","Min","Avg","Avg","Avg","Avg","WVc","WVc","WVc","Avg","Max","Std","Std","Std","Std","Min"
"2022-08-29 11:00:00",1,12.23,268.5,281,21.35,1.063,1.063,212.3,21.83,64.43,68.23,37.57,38.37,0.183,0.841,62.62
"2022-08-29 12:00:00",2,12.22,366.2,374.9,21.3,1.145,1.145,212.5,32.13,65.73,68.33,96.4,95.1,0.283,0.734,61.13
"2022-08-29 13:00:00",3,12.21,526.5,534.3,22.45,1.263,1.263,221.8,37.68,59.68,63.22,227,234.7,0.331,0.801,56.4
"2022-08-29 14:00:00",4,12.21,388.5,391.9,22.35,1.417,1.417,226.6,32.98,60.39,63.73,163.2,168.5,0.394,0.845,56.99
"2022-08-29 15:00:00",5,12.19,339.1,344.8,22.03,1.218,1.218,227.2,27.65,63.02,66.34,160.4,167.1,0.372,0.79,60.14
"2022-08-29 16:00:00",6,12.21,300,308,21.33,1.277,1.277,225.2,34.69,64.54,67.27,100.2,104.6,0.231,0.797,62.03
"2022-08-29 17:00:00",7,12.21,182.4,190.2,21.25,0.974,0.974,212.8,26.81,64.18,67.43,98.3,103.8,0.29,0.696,60.52
"2022-08-29 18:00:00",8,12.22,36.83,38.46,19.87,1.119,1.119,214.9,22.42,71.95,75.52,17.89,18.42,0.464,0.713,66.93
"2022-08-29 19:00:00",9,12.22,2.488,4.141,18.82,0.893,0.893,216.2,19.72,76.63,78.48,3.817,4.596,0.225,0.67,75.15
"2022-08-29 20:00:00",10,12.22,0,0.007,18.05,1.019,1.019,224.4,17.16,79.39,81,0,0.016,0.221,0.654,78.28
"2022-08-29 21:00:00",11,12.23,0,0.003,17.3,0.645,0.645,239,13.91,82.1,83,0,0.015,0.17,0.548,80.8
"2022-08-29 22:00:00",12,12.23,0,0.002,16.94,0.462,0.462,234.5,12.7,81.6,82.9,0,0.016,0.099,0.514,80.6
"2022-08-29 23:00:00",13,12.24,0,0.002,16.63,0.233,0.233,250.8,7.159,80,81.1,0,0.016,0.186,0.425,79.05
"2022-08-30 00:00:00",14,12.23,0,0,15.78,0.26,0.26,237.7,4.571,81.5,83.6,0,0.016,0.279,0.443,79.73
"2022-08-30 01:00:00",15,12.23,0,0,15.14,0.336,0.336,243.1,3.896,82.7,85.6,0,0.017,0.289,0.474,81.5
"2022-08-30 02:00:00",16,12.23,0,0.001,13.74,0.188,0.188,245.5,0.029,86.5,88.6,0,0.017,0.258,0.392,85.1
"2022-08-30 03:00:00",17,12.23,0,0,13.11,0.509,0.509,241.5,5.71,89.3,91.5,0,0.018,0.228,0.503,87.2
"2022-08-30 04:00:00",18,12.24,0,0.008,12.57,0.537,0.537,217.8,0.818,91.2,92.7,0,0.023,0.166,0.502,89.4
"2022-08-30 05:00:00",19,12.23,7.132,10.11,12.57,0.557,0.557,212.3,5.705,90.4,92.5,10.59,13.54,0.301,0.503,86.6
"2022-08-30 06:00:00",20,12.22,37.78,43.11,13.71,0.403,0.403,219.8,5.086,85.4,87.2,9.59,9.71,0.34,0.494,81.9
"2022-08-30 07:00:00",21,12.23,84.6,83.9,14.09,0.46,0.46,222.3,6.681,84.3,86.5,52.61,52.36,0.401,0.507,79.96
"2022-08-30 08:00:00",22,12.23,392.3,389.4,16.65,0.92,0.92,235.7,24.41,73.61,83.6,47.65,47.34,1.04,0.671,64.69
"2022-08-30 09:00:00",23,12.23,503,500,19.05,1.149,1.149,255.5,39.76,64.31,66.12,105,106.6,0.621,0.777,62.12
"2022-08-30 10:00:00",24,12.22,535.5,535.9,20.11,1.553,1.553,282.7,44.45,62.73,64.76,194.2,195.7,0.313,0.893,59.34
"2022-08-30 11:00:00",25,12.22,498.8,502.9,21.05,1.467,1.467,268.4,46.88,59.33,61.39,244,248.3,0.303,0.91,56.44
"2022-08-30 12:00:00",26,12.21,439.5,444.2,21.58,1.303,1.303,272.5,44.9,58.1,60,206.5,214.4,0.211,0.808,56.24
"2022-08-30 13:00:00",27,12.21,646.9,655.7,22.69,1.26,1.26,268.1,48,53.72,57.5,226.3,232.5,0.552,0.795,49.92
"2022-08-30 14:00:00",28,12.2,492.1,502.3,23.43,1.203,1.203,279.2,46.72,50.59,52.81,278.5,288,0.428,0.93,47.3
"2022-08-30 15:00:00",29,12.21,321.5,326.8,22.99,1.301,1.301,261.8,48.86,50.73,53.73,169.4,177.9,0.326,0.829,48.62
"2022-08-30 16:00:00",30,12.21,212.4,220.2,22.81,1.172,1.172,267.7,42.41,51.09,52.42,67.39,72.71,0.15,0.803,48.47
"2022-08-30 17:00:00",31,12.21,110.4,117.4,21.9,1.467,1.467,267.1,41.11,55.24,56.95,51.54,57.88,0.49,0.864,50.95
"2022-08-30 18:00:00",32,12.21,57.08,61.64,21.2,1.29,1.29,261.7,38.34,57.17,58.35,26.68,28.5,0.278,0.811,55.72
"2022-08-30 19:00:00",33,12.21,2.115,3.36,20.26,1.245,1.246,261.1,36.28,58.17,59.03,2.933,3.449,0.289,0.766,57.52
"2022-08-30 20:00:00",34,12.23,0,0.003,19.02,1.113,1.113,251.4,29.42,60.11,61.6,0,0.015,0.439,0.7,58.81
"2022-08-30 21:00:00",35,12.23,0,0.003,17.53,0.751,0.751,255.4,23.22,62.9,64.38,0,0.015,0.338,0.6,61.44
"2022-08-30 22:00:00",36,12.23,0,0.002,16.73,0.827,0.827,279.1,28.07,60.95,63.98,0,0.016,0.239,0.667,58.85
"2022-08-30 23:00:00",37,12.22,0,0.001,15.88,0.595,0.595,256.9,21.17,57.82,59.42,0,0.016,0.278,0.54,56.89
"2022-08-31 00:00:00",38,12.24,0,0.001,14.78,0.645,0.645,249.8,18.24,59.66,62.81,0,0.016,0.354,0.561,56.87
"2022-08-31 01:00:00",39,12.23,0,0.001,13.7,0.521,0.521,245.3,11.15,66.26,69.27,0,0.018,0.282,0.535,62.66
"2022-08-31 02:00:00",40,12.23,0,0.001,13.1,0.526,0.526,257.1,19.71,71.18,73.59,0,0.018,0.178,0.535,68.6
"2022-08-31 03:00:00",41,12.23,0,0,12.43,0.573,0.573,242.3,10.61,75.66,77.69,0,0.019,0.189,0.511,73.37
"2022-08-31 04:00:00",42,12.23,0,0.006,11.88,0.556,0.556,236.4,8.86,79.26,81,0,0.022,0.131,0.522,77.42
"2022-08-31 05:00:00",43,12.24,6.096,10.12,11.24,0.63,0.63,240.8,10.96,83.1,84.2,8.83,12.2,0.173,0.491,80.8
"2022-08-31 06:00:00",44,12.24,92,99.1,12.7,0.534,0.534,244.5,11.61,78.09,82.1,38.19,35.72,0.636,0.528,74.63
"2022-08-31 07:00:00",45,12.23,239.8,239.3,15.17,0.9,0.9,263.1,31.65,69.41,74.78,48.68,47.64,0.614,0.661,66.2
"2022-08-31 08:00:00",46,12.23,399.2,396.2,17.09,1.201,1.201,294.6,38.78,64.35,67.14,42.86,42.48,0.58,0.814,61.67
"2022-08-31 09:00:00",47,12.23,539.6,534.6,18.74,1.722,1.722,293.8,45.26,59.35,62.89,38.11,37.79,0.478,1.048,55.6
"2022-08-31 10:00:00",48,12.21,439.6,434.3,19.79,1.646,1.646,280.7,46.65,54.49,56.51,250.3,260.6,0.19,0.942,52.36
"2022-08-31 11:00:00",49,12.22,649,647.1,20.75,1.785,1.785,262.4,44.86,49.01,54.26,219.2,226.6,0.58,1.029,44.57
"2022-08-31 12:00:00",50,12.2,668.3,668.8,21.95,1.745,1.745,282.5,48.79,44.17,47.43,176.2,184.6,0.437,1.075,40.63
"2022-08-31 13:00:00",51,12.21,698.9,703.8,22.78,1.878,1.878,291.8,49.26,40.2,43.57,71.16,73.85,0.443,1.117,37.3
"2022-08-31 14:00:00",52,12.21,606.5,615.3,23.41,1.745,1.745,284.3,50.84,36.22,38.51,110.5,115.4,0.281,0.977,34.44
"2022-08-31 15:00:00",53,12.21,514.7,526.9,23.71,1.57,1.57,266.4,45.02,36.05,38.03,102.9,106.6,0.224,1,34.31
"2022-08-31 16:00:00",54,12.2,363.8,376.9,23.48,1.41,1.41,250.6,39.3,35.38,36.66,61.93,64.63,0.212,0.869,34.25
"2022-08-31 17:00:00",55,12.21,212.5,222.1,22.42,1.709,1.709,229.2,33.66,44.22,50.91,45.31,48.83,0.63,1.001,34.04
"2022-08-31 18:00:00",56,12.21,65.31,72.5,20.72,1.339,1.339,221.1,28.14,53.28,56,37.43,46.43,0.451,0.811,50.05
"2022-08-31 19:00:00",57,12.22,1.661,4.03,19.17,0.832,0.832,220.8,17.12,59.32,63.07,2.775,4.3,0.466,0.591,55.9
"2022-08-31 20:00:00",58,12.24,0,0.005,17.72,0.787,0.787,220.6,12.02,64.8,66.54,0,0.016,0.408,0.528,63.01
"2022-08-31 21:00:00",59,12.23,0,0.002,17.24,1.019,1.019,254.3,30.12,61.16,65.03,0,0.016,0.196,0.644,59.26
"2022-08-31 22:00:00",60,12.23,0,0.002,16.57,0.922,0.922,274.1,31.32,63.55,65.39,0,0.016,0.36,0.657,61.34
"2022-08-31 23:00:00",61,12.23,0,0.001,15.58,0.538,0.538,285.1,18.5,66.77,67.91,0,0.017,0.232,0.552,65.33
"2022-09-01 00:00:00",62,12.23,0,0.001,14.92,0.394,0.394,263.6,13.54,68.59,69.56,0,0.017,0.192,0.506,67.59
"2022-09-01 01:00:00",63,12.23,0,0.001,14.35,0.422,0.422,249.7,13.73,70.27,71.55,0,0.018,0.182,0.509,69.4
"2022-09-01 02:00:00",64,12.23,0,0.001,14.33,0.551,0.55,257.7,19.16,70.63,71.55,0,0.018,0.195,0.543,69.64
"2022-09-01 03:00:00",65,12.23,0,0.001,14.5,0.618,0.618,267.4,24.28,71.71,73.86,0,0.017,0.095,0.601,70.07
"2022-09-01 04:00:00",66,12.24,0,0.004,14.09,0.436,0.436,276.1,17.35,75.14,76.05,0,0.018,0.066,0.515,73.69
"2022-09-01 05:00:00",67,12.23,3.101,4.441,13.93,0.399,0.399,288.6,15.54,76.8,77.56,4.048,5.037,0.097,0.515,75.91
"2022-09-01 06:00:00",68,12.23,35.46,36.86,14.29,0.615,0.615,288.6,23.23,76.73,77.31,14.95,15.23,0.088,0.617,76.2
"2022-09-01 07:00:00",69,12.23,154.1,156.7,15.11,0.905,0.905,301.1,27.57,74.69,76.99,98.4,98.9,0.412,0.762,72.07
"2022-09-01 08:00:00",70,12.23,390.4,387.2,17.69,1.287,1.287,310.8,32.84,66.81,72.07,35.24,34.91,0.688,0.902,63.12
"2022-09-01 09:00:00",71,12.23,520.2,516,19.41,1.527,1.527,309.8,33.21,59.9,64.2,35.45,35.26,0.478,0.937,54.21
"2022-09-01 10:00:00",72,12.21,626.7,622.2,20.73,1.949,1.949,315.4,43.38,50.03,55.6,25.01,25.4,0.51,1.121,43.9
"2022-09-01 11:00:00",73,12.19,693.3,691.3,21.77,2.03,2.03,314.1,40.06,43.21,47.01,12.5,13.64,0.37,1.195,39.49
"2022-09-01 12:00:00",74,12.2,719.4,720,22.69,2.04,2.04,319,40.36,38.37,41.75,23.53,25.7,0.338,1.228,36.48
"2022-09-01 13:00:00",75,12.2,615.4,619,23.23,1.83,1.83,298.2,48.77,36.91,39.93,226.3,235,0.325,1.102,35.07
"2022-09-01 14:00:00",76,12.2,611.8,622.1,23.71,1.841,1.841,295.1,49.45,34.41,36.48,147.5,153.9,0.244,1.028,31.82
"2022-09-01 15:00:00",77,12.21,500.2,510.5,23.47,2.308,2.308,314.1,37.21,33.58,35.1,84,87.9,0.158,1.221,32
"2022-09-01 16:00:00",78,12.21,340.6,350.6,23.27,1.846,1.846,311,35.38,34.44,35.52,97.6,102.3,0.18,1.09,32.7
"2022-09-01 17:00:00",79,12.2,200.2,208.5,23.03,1.786,1.786,313.8,36.4,34.65,36.01,61.68,66.26,0.361,1.105,33.18
"2022-09-01 18:00:00",80,12.19,53.35,61.1,21.75,1.528,1.528,309.7,25.38,37.84,39.61,30.93,40.1,0.393,0.913,34.88
"2022-09-01 19:00:00",81,12.23,1.19,3.409,20.2,0.727,0.727,300,19.07,42.42,46.35,2.246,3.821,0.522,0.696,39.54
"2022-09-01 20:00:00",82,12.22,0,0.004,18.4,0.698,0.698,283.8,22.82,49.97,53.71,0,0.015,0.442,0.585,46.35
"2022-09-01 21:00:00",83,12.23,0,0.002,17.21,0.882,0.882,301.6,18.66,56.4,59.55,0,0.016,0.275,0.706,53.68
"2022-09-01 22:00:00",84,12.24,0,0.001,16.44,1.505,1.505,309.2,21.66,61.08,61.75,0,0.016,0.063,0.867,59.49
"2022-09-01 23:00:00",85,12.23,0,0.001,16,1.403,1.403,312.5,22.21,62.13,63.37,0,0.016,0.228,0.839,61.15
"2022-09-02 00:00:00",86,12.23,0,0.001,15.16,1.485,1.485,309.8,21.18,64.86,66.35,0,0.017,0.23,0.808,63.34
"2022-09-02 01:00:00",87,12.23,0,0.001,14.3,0.969,0.969,315.6,13.77,68.62,70.72,0,0.017,0.292,0.748,66.31
"2022-09-02 02:00:00",88,12.23,0,0,13.45,1.089,1.089,314.9,12.9,72.82,74.45,0,0.018,0.176,0.727,70.67
"2022-09-02 03:00:00",89,12.23,0,0.001,12.89,0.875,0.875,316.7,12.38,75.85,77.2,0,0.019,0.144,0.687,74.36
"2022-09-02 04:00:00",90,12.23,0,0.003,12.55,0.815,0.815,314.2,14.21,77.64,78.7,0,0.02,0.095,0.626,76.79
"2022-09-02 05:00:00",91,12.24,4.097,7.13,12.06,0.959,0.959,311.6,15.84,80.3,81.4,6.477,9.15,0.132,0.671,78.67
"2022-09-02 06:00:00",92,12.23,82.1,88.8,12.94,1.173,1.173,312.2,22.24,77.6,80.1,36.72,34.44,0.443,0.785,74.85
"2022-09-02 07:00:00",93,12.23,226.7,225.3,14.31,1.687,1.687,311.2,27.02,73.45,75.37,44.57,43,0.441,1.016,70.94
"2022-09-02 08:00:00",94,12.23,378.8,374.4,16.21,1.707,1.707,316.7,31.91,67.74,71.9,42.76,42.14,0.582,1.018,63.71
"2022-09-02 09:00:00",95,12.22,515.2,510.3,18.45,1.66,1.66,309.3,40.63,60.3,64.05,34.25,34.64,0.599,0.972,56.32
"2022-09-02 10:00:00",96,12.22,614.6,611.7,20.42,1.748,1.748,307,43.39,54,58.27,23.05,23.62,0.567,1.048,49.8
"2022-09-02 11:00:00",97,12.22,683.3,682.3,21.79,2.39,2.39,317.5,34.87,47.65,50.57,20.81,21.32,0.445,1.231,43
"2022-09-02 12:00:00",98,12.21,656,655.9,22.83,2.429,2.429,322.9,38.56,41.39,46.65,175,181.9,0.518,1.313,35.04
"2022-09-02 13:00:00",99,12.21,678.2,683.4,23.99,2.101,2.101,324.4,37.11,35.04,38.2,80.6,86.4,0.401,1.118,33.15
"2022-09-02 14:00:00",100,12.21,478.7,484.7,24.17,2.122,2.122,333.9,33.59,34.91,36.48,202.9,214.3,0.351,1.091,33.21
"2022-09-02 15:00:00",101,12.21,412.5,421.8,24.26,2.106,2.106,331.8,33.56,34.7,36.01,157.2,167.5,0.251,1.372,32.85
"2022-09-02 16:00:00",102,12.2,276.4,284.3,23.89,2.4,2.4,324.2,29.98,35.31,36.58,109.8,119.1,0.202,1.244,34.04
"2022-09-02 17:00:00",103,12.21,177.3,184.4,23.72,2.3,2.3,323.1,28.93,35,37.53,61.28,66.25,0.267,1.166,33.93
"2022-09-02 18:00:00",104,12.22,35.38,40.91,22.19,2.058,2.058,317.8,26.98,39.82,42.45,20.76,25.98,0.472,1.095,37.46
"2022-09-02 19:00:00",105,12.23,0.741,2.105,20.6,1.737,1.737,316.8,24.07,44,46.17,1.746,2.784,0.405,0.997,42.38
"2022-09-02 20:00:00",106,12.22,0,0.001,19.21,1.543,1.543,319.3,19.38,47.94,49.78,0,0.014,0.304,0.844,45.92
"2022-09-02 21:00:00",107,12.23,0,0.002,18.33,1.531,1.531,318.8,20.36,51.04,51.76,0,0.015,0.135,0.888,49.69
"2022-09-02 22:00:00",108,12.23,0,0.003,18.21,1.767,1.767,319.8,19.87,50.61,51.97,0,0.016,0.128,0.873,49
"2022-09-02 23:00:00",109,12.23,0,0.003,18.54,2.111,2.111,322.9,23.68,48.38,49.48,0,0.015,0.097,0.975,47.8
"2022-09-03 00:00:00",110,12.22,0,0.003,17.67,1.674,1.674,322.5,19.37,50.85,54.19,0,0.016,0.434,0.854,48.55
"2022-09-03 01:00:00",111,12.24,0,0.001,16.21,1.699,1.699,316.6,19.59,56.29,60.21,0,0.016,0.418,0.888,54.19
"2022-09-03 02:00:00",112,12.23,0,0.001,14.77,1.494,1.494,315.1,20.3,62.23,63.75,0,0.017,0.3,0.819,60.18
"2022-09-03 03:00:00",113,12.23,0,0.001,14.03,1.53,1.53,321.2,19.08,65,66.64,0,0.018,0.185,0.847,63.74
"2022-09-03 04:00:00",114,12.23,0,0.003,13.51,1.882,1.882,321,18.18,67.07,68.05,0,0.019,0.147,0.894,66.24
"2022-09-03 05:00:00",115,12.22,2.911,4.834,12.96,1.533,1.533,318.8,22.45,69.06,69.63,4.833,6.072,0.116,0.92,68
"2022-09-03 06:00:00",116,12.23,92.9,99.8,13.44,1.687,1.687,321.1,20.75,67.58,69.91,47.54,48.72,0.485,0.947,64.75
"2022-09-03 07:00:00",117,12.24,181.8,180.5,14.67,1.992,1.992,324.6,26.95,63.48,65.5,70.1,69.86,0.463,1.04,60.16
"2022-09-03 08:00:00",118,12.24,378.9,374.8,17.28,2.406,2.406,323.6,30.36,55.11,60.7,44.55,43.95,0.831,1.219,50.24
"2022-09-03 09:00:00",119,12.23,522.2,517.3,19.76,2.375,2.375,324,31.22,47.5,50.76,35.57,35.34,0.579,1.158,43.48
"2022-09-03 10:00:00",120,12.21,617.6,612.1,21.48,3.182,3.182,324.9,36.32,41.49,44.73,22.98,23.15,0.452,1.562,37.73
"2022-09-03 11:00:00",121,12.19,689.5,686.9,22.74,3.1,3.1,335.1,36.73,36.44,39.4,21.36,22.61,0.407,1.509,33.65
"2022-09-03 12:00:00",122,12.21,698.5,698.1,23.41,3.122,3.122,331.2,36.31,34.18,35.29,45.77,50.07,0.347,1.489,32.67
"2022-09-03 13:00:00",123,12.2,664.4,668.8,23.77,3.046,3.046,331.9,36.09,34.87,35.9,75.96,79.07,0.238,1.376,33.41
"2022-09-03 14:00:00",124,12.2,534.7,541.2,24.25,2.766,2.766,324.6,35,34.23,35.53,149.3,157.9,0.301,1.483,32.12
"2022-09-03 15:00:00",125,12.21,436.1,444.7,24.53,2.774,2.774,330,36.11,33.14,34.28,94.3,101.8,0.118,1.271,32.02
"2022-09-03 16:00:00",126,12.21,317.1,325.7,24.48,2.882,2.882,326.5,30.16,32.86,33.88,78.59,82.1,0.171,1.361,31.97
"2022-09-03 17:00:00",127,12.21,139.8,144.8,23.98,2.262,2.262,321.7,29.5,33.84,35.63,76.15,79.71,0.351,1.234,32.36
"2022-09-03 18:00:00",128,12.19,47.87,52.84,22.78,1.646,1.646,317.3,25.24,37.07,39.53,27.73,29.05,0.414,0.927,35.29
"2022-09-03 19:00:00",129,12.22,0.274,1.324,21.33,1.592,1.592,311.1,27.02,40.47,41.56,0.703,1.821,0.283,0.97,39.5
"2022-09-03 20:00:00",130,12.22,0,-0.005,20.39,1.779,1.779,315.7,22.82,41.89,42.36,0,0.014,0.258,0.981,41.36
"2022-09-03 21:00:00",131,12.22,0,0,19.34,1.943,1.943,315,28.3,43.47,45.19,0,0.014,0.315,0.987,42.25
"2022-09-03 22:00:00",132,12.22,0,0.003,18.2,1.885,1.885,316,24.09,46.88,49.14,0,0.015,0.342,1.034,44.9
"2022-09-03 23:00:00",133,12.24,0,0.003,17.25,1.647,1.647,318.6,18.88,50.11,51.86,0,0.016,0.261,0.895,48.55
"2022-09-04 00:00:00",134,12.24,0,0.001,16.3,1.406,1.406,317.1,19.5,53.52,55.28,0,0.016,0.274,0.787,51.73
"2022-09-04 01:00:00",135,12.23,0,0.001,15.45,1.261,1.261,316.2,17.01,56.91,57.97,0,0.017,0.197,0.796,55.21
"2022-09-04 02:00:00",136,12.23,0,0.001,14.95,1.188,1.188,320.7,17.87,58.71,60.09,0,0.017,0.192,0.752,57.73
"2022-09-04 03:00:00",137,12.23,0,0,14.26,1.189,1.189,316.9,11.2,61.35,62.85,0,0.018,0.198,0.735,59.82
"2022-09-04 04:00:00",138,12.23,0,0.003,13.79,1.399,1.399,321.1,15.92,63.35,64.24,0,0.019,0.103,0.772,62.59
"2022-09-04 05:00:00",139,12.23,2.794,4.214,13.52,1.491,1.491,320.8,18.69,65.04,65.39,4.8,5.928,0.032,0.846,64.21
"2022-09-04 06:00:00",140,12.23,54.55,56.8,13.42,1.871,1.871,325.8,22.07,65.85,66.94,36.7,36.97,0.178,0.874,64.53
"2022-09-04 07:00:00",141,12.23,214.9,215.4,14.89,1.699,1.699,323.9,18.95,61.82,64.86,57.53,57.08,0.527,0.882,59.43
"2022-09-04 08:00:00",142,12.23,357.7,355.1,17.23,1.549,1.549,320.2,24.99,56.55,59.77,45.54,44.96,0.737,0.99,52.82
"2022-09-04 09:00:00",143,12.23,486.4,483.4,19.83,1.516,1.516,315,34.61,50.89,54.66,48.51,48.82,0.656,0.953,48.13
"2022-09-04 10:00:00",144,12.21,582.6,580.7,21.53,1.776,1.776,313.1,38,48.14,50.79,44.18,45.13,0.528,1.017,46.02
"2022-09-04 11:00:00",145,12.21,636.6,638.4,23.11,1.728,1.728,306.9,40.45,45.25,47.77,39.01,39.3,0.401,1.02,43.41
"2022-09-04 12:00:00",146,12.21,651.8,656.9,24.52,1.856,1.856,304,38.84,41.84,44.15,46.81,46.47,0.41,1.08,38.73
"2022-09-04 13:00:00",147,12.2,538.1,545.9,25.22,2.068,2.068,330.6,32.24,38.48,41.1,68.64,69.35,0.35,1.166,36.14
"2022-09-04 14:00:00",148,12.21,525.8,538,26.06,1.671,1.671,342.5,38.26,36.8,38.13,43.09,44.37,0.354,0.94,35.15
"2022-09-04 15:00:00",149,12.19,453.3,466.7,26.84,1.349,1.349,344.2,37.4,35.99,37.03,42.88,42.85,0.279,0.91,34.48
"2022-09-04 16:00:00",150,12.21,275.5,286.4,26.43,1.403,1.403,328.8,27.11,37.61,39.44,53.81,55.69,0.323,0.904,35.88
"2022-09-04 17:00:00",151,12.21,134.4,139,25.87,1.232,1.232,315.4,29.48,39.47,41.42,44.23,48.13,0.438,0.894,37.46
"2022-09-04 18:00:00",152,12.2,51.75,61,24.75,1.24,1.24,307.7,24,42.59,45.04,37.61,43.94,0.438,0.87,40.85
"2022-09-04 19:00:00",153,12.22,0.154,1.122,23.04,1.021,1.021,307.4,21.4,47.2,49.1,0.533,1.593,0.439,0.71,45
"2022-09-04 20:00:00",154,12.23,0,-0.003,21.87,1.128,1.128,309.3,20.21,50.17,51.14,0,0.014,0.241,0.743,48.81
"2022-09-04 21:00:00",155,12.22,0,-0.006,21,1.453,1.453,312.4,22.23,52.25,53.68,0,0.014,0.311,0.845,50.94
"2022-09-04 22:00:00",156,12.22,0,-0.003,20.1,1.633,1.633,318.9,20.67,54.48,55.52,0,0.014,0.229,0.858,53.49
"2022-09-04 23:00:00",157,12.24,0,0,19.31,1.56,1.56,316.8,20.7,56.73,58.97,0,0.014,0.28,0.918,55.12
"2022-09-05 00:00:00",158,12.22,0,0.003,18.35,1.329,1.329,313.5,17.82,60.06,60.58,0,0.015,0.159,0.812,58.97
"2022-09-05 01:00:00",159,12.19,0,0.002,17.94,1.575,1.575,319.3,22.86,60.56,61.2,0,0.015,0.112,0.836,60.08
"2022-09-05 02:00:00",160,12.23,0,0.003,17.57,1.449,1.449,322.8,18.02,61.62,62.31,0,0.016,0.1,0.792,60.96
"2022-09-05 03:00:00",161,12.23,0,0.003,17.29,1.392,1.392,324.1,15.25,62.59,63.23,0,0.016,0.062,0.75,62.18
"2022-09-05 04:00:00",162,12.22,0,0.003,16.95,1.145,1.145,318.5,13.65,63.92,64.9,0,0.016,0.115,0.684,62.96
"2022-09-05 05:00:00",163,12.23,1.229,2.218,16.7,1.01,1.01,319.1,14.77,64.94,65.84,2.379,2.878,0.088,0.674,64.18
"2022-09-05 06:00:00",164,12.23,40.65,41.55,16.6,0.919,0.919,321.8,13.9,65.96,66.61,22.01,22.02,0.165,0.671,64.5
"2022-09-05 07:00:00",165,12.23,91.4,89.8,17.24,1.261,1.261,325.9,16.44,64.8,65.73,18.86,18.73,0.159,0.772,64.03
"2022-09-05 08:00:00",166,12.22,271.7,267.9,18.98,1.728,1.728,327.3,25.2,60.45,65.05,131.7,131.8,1.051,0.845,55.88
"2022-09-05 09:00:00",167,12.22,484.3,481.3,21.82,1.689,1.689,332.9,27.29,53.28,57.04,38.26,39.02,0.905,0.974,49.13
"2022-09-05 10:00:00",168,12.2,559.2,559.2,23.93,1.455,1.455,329.4,35.12,48.76,51.75,13.58,14.21,0.545,0.915,45.85
"2022-09-05 11:00:00",169,12.21,619.4,621.8,24.89,2.049,2.049,335.9,32.35,47.79,49.65,34.21,34.52,0.519,0.961,45.53
"2022-09-05 12:00:00",170,12.21,608.7,612.8,26.18,1.993,1.993,327,32.97,45.56,47.63,59.23,60.32,0.483,0.981,43.25
"2022-09-05 13:00:00",171,12.21,633,642.6,28.14,1.558,1.558,336.6,34.38,41.64,44.63,77.3,78.53,0.445,0.984,38.63
"2022-09-05 14:00:00",172,12.21,548.4,559.8,28.69,1.667,1.667,332.6,36.63,39.66,42.14,39.34,40.51,0.343,1.047,36.83
"2022-09-05 15:00:00",173,12.21,444,455.3,28.89,2.02,2.02,324.4,35.42,38.41,39.8,94.4,99.6,0.192,1.099,37.13
"2022-09-05 16:00:00",174,12.2,243.1,250.5,28.19,2.174,2.174,319.1,30.51,41.19,42.93,113.3,120.3,0.382,1.092,39.05
"2022-09-05 17:00:00",175,12.21,144.7,149.9,27.47,1.951,1.951,315.7,31.51,42.77,43.98,66.75,71.34,0.256,1.141,41.64
"2022-09-05 18:00:00",176,12.2,28.5,33.15,26.05,1.945,1.945,312.5,31.6,46.29,48.15,24.29,27.88,0.612,0.998,43.55
"2022-09-05 19:00:00",177,12.21,0.225,1.041,24.25,1.972,1.972,311.4,29.98,49.09,50.3,0.732,1.598,0.421,1.137,47.91
"2022-09-05 20:00:00",178,12.22,0,0.004,23,2.05,2.05,315.3,27.15,51.09,52.67,0,0.014,0.348,1.16,49.85
"2022-09-05 21:00:00",179,12.22,0,-0.003,21.72,1.79,1.79,313.9,27.96,54.58,55.99,0,0.014,0.346,0.981,52.63
"2022-09-05 22:00:00",180,12.22,0,-0.005,20.84,1.854,1.854,320.3,24.48,55.69,56.25,0,0.014,0.176,1.045,55.13
"2022-09-05 23:00:00",181,12.23,0,-0.004,20.39,1.863,1.863,322.7,22.45,55.68,56.06,0,0.014,0.073,0.928,55.19
"2022-09-06 00:00:00",182,12.23,0,-0.003,19.87,1.672,1.672,313,23.68,57.37,60.25,0,0.014,0.415,0.934,55.13
"2022-09-06 01:00:00",183,12.23,0,0.001,18.91,1.636,1.636,317.8,27.47,60.92,61.55,0,0.015,0.076,0.928,60.21
"2022-09-06 02:00:00",184,12.22,0,0.002,18.43,1.832,1.832,314.5,22.17,63.33,64.61,0,0.015,0.193,0.964,61.49
"2022-09-06 03:00:00",185,12.22,0,0.003,17.92,1.959,1.959,319.2,27.13,65.58,66.38,0,0.015,0.111,1.067,64.52
"2022-09-06 04:00:00",186,12.22,0,0.004,17.88,1.952,1.952,320.4,23.66,66.39,66.76,0,0.016,0.076,0.999,66.21
"2022-09-06 05:00:00",187,12.24,0.388,1.016,18.04,2.205,2.205,321.5,29.4,66.14,66.47,0.54,0.986,0.076,1.009,65.82
"2022-09-06 06:00:00",188,12.23,4.989,6.207,17.87,2.056,2.056,337.8,33.01,68.14,83.8,1.544,1.557,0.674,1.067,63.8
"2022-09-06 07:00:00",189,12.23,24.89,27.1,15.63,2.085,2.085,327.5,31.94,87.1,89.8,24.74,26.51,0.23,1.114,82.1
"2022-09-06 08:00:00",190,12.24,162.4,170.5,16.03,1.798,1.798,335.3,25.57,84.5,87.9,29.68,30.45,0.302,0.903,79.03
"2022-09-06 09:00:00",191,12.24,165.2,172.6,16.89,1.633,1.633,310.6,30.93,78.23,82.3,37.27,37.3,0.076,0.996,73.04
"2022-09-06 10:00:00",192,12.23,217.3,222.5,17.59,1.966,1.966,311.1,33.47,69.55,73.97,36.7,33.43,0.155,1.038,66.35
"2022-09-06 11:00:00",193,12.23,231.9,238.7,17.84,2.077,2.077,316.9,28.48,66.57,68.86,90.6,89.1,0.091,1.194,63.79
"2022-09-06 12:00:00",194,12.2,590.3,589.9,19.31,2.105,2.105,307.7,40.37,62.8,66.03,165.9,167.8,0.752,1.097,59.82
"2022-09-06 13:00:00",195,12.21,540.6,543.1,21.57,2.16,2.16,312.9,38.51,62.13,64.88,125.4,127.9,0.465,1.23,59.56
"2022-09-06 14:00:00",196,12.19,565,571.6,22.77,2.499,2.499,324.8,33.17,60.09,62.17,28.73,27.81,0.407,1.274,56.61
"2022-09-06 15:00:00",197,12.21,455.6,464.7,23.44,2.165,2.165,325.6,32.67,57.79,60.15,36.64,35.88,0.242,1.135,55.76
"2022-09-06 16:00:00",198,12.2,316.3,326.2,23.65,1.915,1.915,322,32.95,57.04,58.63,43.49,43.86,0.213,0.975,55.18
"2022-09-06 17:00:00",199,12.21,165.6,172.6,22.84,1.93,1.93,310,34.28,58.94,61.21,45.66,48.85,0.305,1.002,57.33
"2022-09-06 18:00:00",200,12.21,27.86,32.34,20.96,1.749,1.749,312.3,28.42,64.19,65.83,22.92,25.96,0.602,0.941,61.04
"2022-09-06 19:00:00",201,12.22,0.144,0.881,19.46,1.562,1.562,316.4,23.75,66.71,68.23,0.426,1.318,0.315,0.904,65.41
"2022-09-06 20:00:00",202,12.22,0,0.002,18.56,1.315,1.315,316.1,18.37,69.73,71.65,0,0.014,0.221,0.805,68.02
"2022-09-06 21:00:00",203,12.22,0,0.003,18,1.397,1.397,318.2,20.14,72.82,74.12,0,0.014,0.106,0.882,71.56
"2022-09-06 22:00:00",204,12.23,0,0.003,17.34,1.493,1.493,319.5,23.2,75.76,77.53,0,0.015,0.227,0.851,74.12
"2022-09-06 23:00:00",205,12.2,0,0.002,16.73,1.428,1.428,316.7,18.93,78.18,78.84,0,0.016,0.117,0.843,77.42
"2022-09-07 00:00:00",206,12.23,0,0.003,16.45,1.548,1.548,320.8,19.6,79.04,79.52,0,0.016,0.05,0.837,78.47
"2022-09-07 01:00:00",207,12.23,0,0.003,16.38,1.526,1.526,318.4,19.7,79.17,79.76,0,0.016,0.031,0.857,78.64
"2022-09-07 02:00:00",208,12.23,0,0.003,16.38,1.431,1.431,320.8,20.07,79.41,80.1,0,0.016,0.043,0.81,78.97
"2022-09-07 03:00:00",209,12.23,0,0.003,16.52,1.325,1.325,10.13,68.61,79.46,80.6,0,0.015,0.279,0.884,77.74
"2022-09-07 04:00:00",210,12.23,0,0.003,16.59,0.35,0.35,147.4,35.15,86.4,91.8,0,0.016,0.225,0.512,79.35
"2022-09-07 05:00:00",211,12.23,0.142,0.324,15.85,0.439,0.439,318.5,21.2,93.1,93.8,0.344,0.458,0.138,0.518,91.3
"2022-09-07 06:00:00",212,12.23,17.85,18.37,15.54,0.774,0.774,312.8,21.96,93.1,93.9,11.76,11.71,0.09,0.702,91.9
"2022-09-07 07:00:00",213,12.23,100.5,101,15.76,1.19,1.19,322.9,19.23,92.1,92.8,49.33,50.36,0.227,0.757,91
"2022-09-07 08:00:00",214,12.23,262.5,265.5,17.4,1.22,1.22,348.3,23.19,87.4,91.7,47.01,47.75,0.531,0.723,83.5
"2022-09-07 09:00:00",215,12.23,374.4,369.7,19.88,1.341,1.341,355.7,26.91,77.94,85.3,60.92,61.39,0.721,0.863,73.09
"2022-09-07 10:00:00",216,12.2,360.1,359.9,21.87,1.162,1.163,21.85,32.51,69.89,75.22,123.7,122.3,0.441,0.771,65.88
"2022-09-07 11:00:00",217,12.2,397.9,401,22.54,1.419,1.419,50.22,43.2,66.41,71.56,199.6,203.4,0.38,0.928,62.82
"2022-09-07 12:00:00",218,12.21,400.2,404.5,22.66,1.225,1.225,77.6,33.3,67.05,69.89,169,171.3,0.308,0.811,63.65
"2022-09-07 13:00:00",219,12.21,557.3,566.1,23.77,1.365,1.365,88.8,38.09,63.32,66.82,182.1,186.6,0.421,0.886,59.68
"2022-09-07 14:00:00",220,12.21,420.2,428.3,24.12,0.983,0.983,86.8,40.65,61.4,64.36,128.7,134.2,0.338,0.685,57.13
"2022-09-07 15:00:00",221,12.2,341.8,350.8,24.54,0.863,0.863,118.4,44.94,58.89,62.07,133.3,139.8,0.326,0.687,55.54
"2022-09-07 16:00:00",222,12.2,236.6,245.7,24.25,0.628,0.628,132.2,21.17,57.99,60.9,64.87,68.6,0.204,0.576,55.25
"2022-09-07 17:00:00",223,12.21,107.2,113.5,24.04,0.195,0.195,112.4,0.541,59.35,61.18,13.73,15.08,0.182,0.399,57.31
"2022-09-07 18:00:00",224,12.22,36.85,42.81,23.26,0.08,0.08,112.1,0.025,63.08,67.21,32.28,35.2,0.545,0.273,58.26
"2022-09-07 19:00:00",225,12.22,0.002,0.598,21.43,0.043,0.043,112.1,0.013,71.01,74.79,0.017,0.93,0.404,0.203,67.21
"2022-09-07 20:00:00",226,12.22,0,-0.003,20.08,0.118,0.118,112.1,0.038,77.48,80.5,0,0.013,0.291,0.324,74.63
"2022-09-07 21:00:00",227,12.23,0,0.001,19.12,0.408,0.408,175.4,37.37,80.8,83,0,0.014,0.323,0.494,78.93
"2022-09-07 22:00:00",228,12.23,0,0.002,18.65,0.342,0.342,252.9,0.208,82,84.7,0,0.014,0.287,0.477,80
"2022-09-07 23:00:00",229,12.23,0,0.004,18.06,0.22,0.22,274.6,1.534,84.8,87.1,0,0.015,0.188,0.416,82.9
"2022-09-08 00:00:00",230,12.23,0,0.003,17.43,0.282,0.282,273.2,2.086,86.3,88.4,0,0.015,0.157,0.452,84.8
"2022-09-08 01:00:00",231,12.22,0,0.002,16.88,0.271,0.271,262.5,1.188,87.5,89.1,0,0.016,0.302,0.446,85.3
"2022-09-08 02:00:00",232,12.23,0,0.002,16.29,0.335,0.335,252.7,5.252,89.3,92.7,0,0.016,0.297,0.475,87.4
"2022-09-08 03:00:00",233,12.24,0,0.002,15.97,0.39,0.39,285.1,14.63,93.6,94.4,0,0.016,0.199,0.518,92.6
"2022-09-08 04:00:00",234,12.23,0,0.002,16.04,0.642,0.642,308.2,7.4,94.2,95.2,0,0.016,0.116,0.617,93.6
"2022-09-08 05:00:00",235,12.23,0.393,0.852,15.67,0.879,0.879,318.8,12.63,95.2,95.6,0.694,1.145,0.107,0.597,94.9
"2022-09-08 06:00:00",236,12.22,12.99,14.85,15.67,0.763,0.763,306.5,15.31,95.1,95.5,6.274,6.835,0.093,0.657,94.5
"2022-09-08 07:00:00",237,12.23,37.15,41.58,15.95,1.342,1.342,324.3,19.64,93.8,94.8,7.709,8.39,0.082,0.82,92.9
"2022-09-08 08:00:00",238,12.23,85.2,93.5,16.39,1.135,1.135,337.2,35.01,92,93.6,28.14,30.14,0.329,0.81,89.6
"2022-09-08 09:00:00",239,12.23,125.8,133,17.82,0.549,0.549,83.1,18.14,88.5,91.4,36.83,36.32,0.554,0.622,84.3
"2022-09-08 10:00:00",240,12.22,42.67,48.23,18.55,0.609,0.609,72.8,37.13,86.7,92.1,19.17,20.88,0.316,0.764,83.6
"2022-09-08 11:00:00",241,12.23,86.7,91.7,17.77,0.711,0.711,109.5,23.41,93.6,94.9,17.99,18.65,0.166,0.655,91.6
"2022-09-08 12:00:00",242,12.23,99.9,107,17.97,0.62,0.62,143.7,17.54,93,94.8,3.659,4.022,0.109,0.559,89.8
"2022-09-08 13:00:00",243,12.22,93.1,100.2,17.97,0.315,0.315,151.7,15.75,91.6,93.4,12.47,13.38,0.124,0.471,90.1
"2022-09-08 14:00:00",244,12.23,100.1,105,17.93,0.319,0.319,166.6,15.1,91.3,92.7,20.12,19.76,0.098,0.469,89.3
"2022-09-08 15:00:00",245,12.23,78.3,81.5,17.85,0.296,0.296,131.2,36.4,91,94.1,45.7,46.08,0.367,0.487,85
"2022-09-08 16:00:00",246,12.22,121.9,122.6,17.85,0.256,0.256,78.54,7.616,92.5,94.2,11.96,12.06,0.113,0.45,90.3
"2022-09-08 17:00:00",247,12.22,80.9,80.6,17.7,0.35,0.35,69.19,10.94,92,93.3,11.99,12.83,0.176,0.496,90.9
"2022-09-08 18:00:00",248,12.23,21.6,21.63,17.03,0.164,0.164,65.2,0.566,93.5,94.4,15.06,14.22,0.178,0.376,92.4
"2022-09-08 19:00:00",249,12.23,0.092,0.438,16.25,0.059,0.059,64.43,0.011,95.1,96.1,0.289,0.685,0.214,0.237,93.9
"2022-09-08 20:00:00",250,12.23,0,0.002,15.68,0.109,0.109,64.41,0.032,96.4,97,0,0.016,0.155,0.312,95.9
"2022-09-08 21:00:00",251,12.23,0,0.001,15.1,0.049,0.049,64.36,0.011,96.8,97.6,0,0.016,0.129,0.218,96.4
"2022-09-08 22:00:00",252,12.23,0,0.001,14.88,0.086,0.086,64.35,0.018,97.3,97.6,0,0.016,0.05,0.282,96.9
"2022-09-08 23:00:00",253,12.23,0,0.002,14.94,0.063,0.063,64.35,0.013,97.4,98.2,0,0.017,0.093,0.244,97.1
"2022-09-09 00:00:00",254,12.23,0,0.001,14.5,0.208,0.208,47.47,8.61,97.5,97.8,0,0.016,0.152,0.413,97.3
"2022-09-09 01:00:00",255,12.23,0,0.001,14.05,0.366,0.366,29.5,2.078,97.8,98,0,0.017,0.087,0.489,97.5
"2022-09-09 02:00:00",256,12.23,0,0.001,13.88,0.255,0.255,17.02,3.181,97.8,98.3,0,0.017,0.14,0.441,97.4
"2022-09-09 03:00:00",257,12.23,0,0.002,13.74,0.514,0.514,28.49,8.11,97.9,98,0,0.018,0.066,0.534,97.8
"2022-09-09 04:00:00",258,12.23,0,0.002,13.69,0.631,0.631,34.09,11.4,97.7,98,0,0.017,0.033,0.573,97.4
"2022-09-09 05:00:00",259,12.24,1.068,1.82,13.52,0.546,0.546,37.49,15.3,97.2,98,1.792,2.346,0.112,0.564,96.9
"2022-09-09 06:00:00",260,12.23,71.09,72.49,13.65,0.466,0.466,49.89,14.69,96.9,97.5,62.23,63.36,0.388,0.559,94.5
"2022-09-09 07:00:00",261,12.22,136.9,136,15.28,0.628,0.628,43.23,24.53,92.3,94.6,44.58,39.32,0.197,0.592,90.2
"2022-09-09 08:00:00",262,12.23,349.2,365.9,16.96,1.146,1.146,40.5,33.11,87.3,93.4,121.6,128.3,0.918,0.852,81.8
"2022-09-09 09:00:00",263,12.22,448.9,454.7,18.87,1.308,1.308,49.13,37.84,78.2,84.3,140,145.6,0.521,0.831,73.03
"2022-09-09 10:00:00",264,12.21,535.4,523.4,19.94,1.6,1.6,37.21,42.09,71.81,75.65,193.2,194.6,0.45,0.919,65.76
"2022-09-09 11:00:00",265,12.21,430.9,434.3,20.73,1.668,1.668,38.52,41.33,67.78,72.34,195,202.7,0.254,0.944,64.46
"2022-09-09 12:00:00",266,12.21,410.9,420.2,21.13,1.439,1.439,30.79,40.4,66.3,69.03,224.3,227.6,0.239,0.93,62.57
"2022-09-09 13:00:00",267,12.21,194.4,204.4,19.97,0.479,0.479,105.3,36.3,80.6,90.1,73.39,75.37,0.799,0.635,63.76
"2022-09-09 14:00:00",268,12.22,253.3,267,19.03,1.256,1.256,348.7,23.13,80.3,86.4,132,137.5,0.319,0.802,75.97
"2022-09-09 15:00:00",269,12.22,264.7,278.5,19.33,1.694,1.694,343.8,28.17,74.72,80.3,85.3,89,0.2,0.92,71.34
"2022-09-09 16:00:00",270,12.22,162,171,18.83,1.523,1.523,349.3,25.33,72.73,76.32,40.26,41.76,0.128,0.84,68.81
"2022-09-09 17:00:00",271,12.22,116.3,123.8,19.02,1.277,1.277,356.3,25.18,70.9,77.96,75.44,79.77,0.264,0.755,67.35
"2022-09-09 18:00:00",272,12.23,31.9,36.95,16.81,1.344,1.344,346.4,23.52,89.4,91.7,17.67,20.6,0.531,0.859,77.38
"2022-09-09 19:00:00",273,12.23,0.075,0.371,15.6,0.949,0.949,348,14.73,91.9,93.2,0.203,0.61,0.334,0.582,91.1
"2022-09-09 20:00:00",274,12.23,0,0.002,14.81,0.976,0.976,349.5,14.74,92.9,93.2,0,0.017,0.107,0.563,92.3
"2022-09-09 21:00:00",275,12.23,0,0.002,14.8,1.016,1.016,357.5,17.42,91.9,93.3,0,0.017,0.083,0.65,91.1
"2022-09-09 22:00:00",276,12.24,0,0.001,14.49,0.636,0.636,345.4,14.33,94.6,95.4,0,0.017,0.067,0.528,93.2
"2022-09-09 23:00:00",277,12.24,0,0.002,14.48,0.643,0.643,354.8,14.78,95.1,95.5,0,0.017,0.072,0.569,94.4
"2022-09-10 00:00:00",278,12.23,0,0.002,14.49,0.581,0.581,357.1,6.47,94.3,94.5,0,0.016,0.08,0.545,94.1
"2022-09-10 01:00:00",279,12.23,0,0.002,14.23,0.597,0.597,357.9,10.84,94.5,95.4,0,0.017,0.106,0.554,94
"2022-09-10 02:00:00",280,12.23,0,0.002,14.15,0.422,0.422,1.959,0.336,95.5,95.7,0,0.016,0.048,0.504,95.3
"2022-09-10 03:00:00",281,12.23,0,0.002,14.33,0.353,0.353,16.65,8.05,95.6,96,0,0.016,0.062,0.487,95.3
"2022-09-10 04:00:00",282,12.23,0,0.002,14.5,0.193,0.193,9.71,0.024,95.7,96.1,0,0.017,0.034,0.397,95.5
"2022-09-10 05:00:00",283,12.23,0.388,0.435,14.7,0.382,0.382,9.14,1.308,96,96.4,0.617,0.648,0.087,0.5,95.9
"2022-09-10 06:00:00",284,12.22,13.71,13.88,14.95,0.304,0.304,0,0,95.8,96.1,7.922,8.01,0.055,0.465,95.6
"2022-09-10 07:00:00",285,12.23,52.76,53.42,15.41,0.45,0.45,0.35,3.158,94.9,95.8,17.22,17.26,0.202,0.507,93.7
"2022-09-10 08:00:00",286,12.23,110.1,111.4,16.33,0.452,0.452,25.04,18.81,92.2,94.2,17.65,18.13,0.32,0.541,89.6
"2022-09-10 09:00:00",287,12.23,106.9,111.5,17.12,0.366,0.366,10.18,26.79,88.5,91.1,42.86,42.92,0.186,0.502,84.4
"2022-09-10 10:00:00",288,12.23,272.3,276.8,18.4,0.495,0.495,48.32,24.68,80.9,85.7,37.82,37.71,0.503,0.594,74.84
"2022-09-10 11:00:00",289,12.22,362.2,368.6,19.53,0.566,0.566,74.66,32.81,73.55,77.15,52.17,51.45,0.296,0.577,69.23
"2022-09-10 12:00:00",290,12.21,341.2,352.8,20.53,0.44,0.44,20.99,27.67,67.77,72.95,84.4,87.3,0.413,0.539,64.49
"2022-09-10 13:00:00",291,12.21,308.4,319.3,20.91,0.619,0.619,262.4,33.44,67.26,70.92,18.59,18.06,0.267,0.603,63.62
"2022-09-10 14:00:00",292,12.21,237.6,247.2,20.32,0.776,0.776,230.6,27.38,71.17,73.81,22.37,23.25,0.282,0.622,67.43
"2022-09-10 15:00:00",293,12.21,192.8,200.3,20.07,0.744,0.744,237.4,21.27,70.55,73.28,8.2,8.11,0.189,0.605,68
"2022-09-10 16:00:00",294,12.21,229.5,239.4,20.33,0.939,0.939,237.9,28.08,70.71,73.62,53.3,56.66,0.3,0.702,67.45
"2022-09-10 17:00:00",295,12.21,116,121.5,19.92,0.878,0.878,245.1,23.05,72.76,74.97,52.42,54.11,0.282,0.634,70.02
"2022-09-10 18:00:00",296,12.22,17.9,20.49,18.51,0.704,0.704,236.2,19.77,73.95,77.77,12.58,12.48,0.372,0.563,70.76
"2022-09-10 19:00:00",297,12.23,0,0.461,17.78,0.331,0.331,209,2.328,80.2,82.9,0,0.722,0.206,0.473,76.94
"2022-09-10 20:00:00",298,12.23,0,0.002,17.19,0.359,0.359,199.9,0.754,85.1,87.5,0,0.015,0.212,0.482,82.9
"2022-09-10 21:00:00",299,12.23,0,0.003,16.68,0.563,0.563,190,4.186,88,89.8,0,0.016,0.239,0.504,85.6
"2022-09-10 22:00:00",300,12.23,0,0.002,16.13,0.597,0.597,177.1,3.853,89.7,90.8,0,0.016,0.176,0.504,88.3
"2022-09-10 23:00:00",301,12.23,0,0.002,15.62,0.468,0.468,180.5,0.138,90.8,92.8,0,0.017,0.234,0.504,89.6
"2022-09-11 00:00:00",302,12.23,0,0.002,14.96,0.512,0.512,189.2,4.651,92.3,95.2,0,0.017,0.271,0.51,90.2
"2022-09-11 01:00:00",303,12.23,0,0.002,14.67,0.43,0.43,187.6,0.113,92.5,93.9,0,0.017,0.198,0.498,91
"2022-09-11 02:00:00",304,12.23,0,0.002,13.89,0.265,0.265,187.6,0.104,92.8,94.1,0,0.017,0.38,0.443,91.4
"2022-09-11 03:00:00",305,12.23,0,0.002,12.54,0.139,0.139,187.6,0.052,94.5,96.4,0,0.018,0.29,0.348,92.6
"2022-09-11 04:00:00",306,12.24,0,0.001,11.96,0.222,0.222,187.6,0.069,96.2,97.5,0,0.018,0.211,0.417,95.4
"2022-09-11 05:00:00",307,12.23,0.752,0.745,11.37,0.229,0.229,172.9,5.771,97.1,98,1.379,1.383,0.145,0.422,95.8
"2022-09-11 06:00:00",308,12.23,24.21,23.62,12.04,0.227,0.227,135.7,5.048,97.5,98.3,14.28,13.87,0.375,0.421,96.8
"2022-09-11 07:00:00",309,12.23,96.2,96.7,13.17,0.374,0.374,142.8,4.74,96.3,97.6,31.52,32.39,0.364,0.486,94.9
"2022-09-11 08:00:00",310,12.23,144.6,147.3,14.45,0.25,0.25,184.2,0.281,94.4,96.4,64.92,67.07,0.549,0.435,92.5
"2022-09-11 09:00:00",311,12.23,270,272.5,16.76,0.362,0.362,194.7,11.32,89.1,93.1,123.1,122.3,0.436,0.508,85.4
"2022-09-11 10:00:00",312,12.23,375.8,376.4,18.64,0.374,0.374,203.5,27.15,80.1,86.1,222.6,226.6,0.768,0.493,68.7
"2022-09-11 11:00:00",313,12.21,486,491.9,20.5,0.686,0.686,226.9,44.64,64.34,69.48,237.6,243.8,0.494,0.58,57.3
"2022-09-11 12:00:00",314,12.21,485.6,492.2,21.4,0.718,0.718,204.9,32.77,57.87,62.82,283.7,291.8,0.525,0.571,53.39
"2022-09-11 13:00:00",315,12.21,513,519.5,21.62,0.853,0.853,222.1,22.78,54.44,58,244.7,253.7,0.425,0.67,48.72
"2022-09-11 14:00:00",316,12.21,498.3,511.6,22.46,0.832,0.832,226.8,38.82,50,53.47,192.7,202.1,0.441,0.647,46.99
"2022-09-11 15:00:00",317,12.21,343.3,353.9,22.24,0.85,0.85,230.8,23.93,52.05,54.47,135.7,144.1,0.29,0.673,49.86
"2022-09-11 16:00:00",318,12.21,201.4,208,21.47,0.881,0.881,231.4,22.21,52.55,54.68,104.5,111.3,0.392,0.682,48.81
"2022-09-11 17:00:00",319,12.21,80.1,83.4,20.24,0.915,0.915,235.8,20.26,57.47,60.48,35.26,38.51,0.499,0.602,52.74
"2022-09-11 18:00:00",320,12.21,24.71,28.79,19.27,0.575,0.575,228,10.8,61.86,64.64,26.01,26.7,0.28,0.553,59.19
"2022-09-11 19:00:00",321,12.23,0,0.174,17.92,0.405,0.405,223.3,9.66,69.61,73.35,0,0.307,0.523,0.494,64.37
"2022-09-11 20:00:00",322,12.23,0,0.003,16.5,0.226,0.226,222,8.45,76.82,79.98,0,0.016,0.404,0.42,73.14
"2022-09-11 21:00:00",323,12.23,0,0.001,15.55,0.22,0.22,220.9,1.223,81.6,84.9,0,0.016,0.332,0.416,79.04
"2022-09-11 22:00:00",324,12.22,0,0.002,14.66,0.205,0.205,240,7.835,85.9,88.3,0,0.016,0.317,0.405,83
"2022-09-11 23:00:00",325,12.23,0,0.002,13.98,0.192,0.192,257.4,0.079,89,90.4,0,0.017,0.24,0.396,85.8
"2022-09-12 00:00:00",326,12.23,0,0.003,13.28,0.203,0.203,257.5,0.062,91.6,93.1,0,0.018,0.214,0.403,89.8
"2022-09-12 01:00:00",327,12.23,0,0.002,12.92,0.314,0.314,262.1,5.404,93.1,93.8,0,0.018,0.08,0.467,92.2
"2022-09-12 02:00:00",328,12.23,0,0.002,12.54,0.152,0.152,283.5,0.057,94.1,95.2,0,0.018,0.158,0.361,93.2
"2022-09-12 03:00:00",329,12.23,0,0.002,12,0.111,0.111,283.5,0.007,95.5,96.4,0,0.018,0.175,0.315,94.7
"2022-09-12 04:00:00",330,12.23,0,0.002,11.73,0.101,0.101,283.6,0.025,95.9,96.4,0,0.019,0.129,0.302,95.3
"2022-09-12 05:00:00",331,12.23,0.995,1.962,11.36,0.126,0.126,286.1,1.355,96.3,96.7,1.792,2.715,0.107,0.333,95.9
"2022-09-12 06:00:00",332,12.24,59.6,63.95,11.81,0.357,0.357,337.8,13.78,95.1,96.6,38.26,36.91,0.49,0.497,91.7
"2022-09-12 07:00:00",333,12.24,167.5,193.4,14.26,0.476,0.476,15.41,26.16,87.9,91.9,47.02,56.8,0.913,0.536,83
"2022-09-12 08:00:00",334,12.24,241.1,253.7,16.98,0.624,0.624,43.07,9.95,81.7,84.1,63.6,64.38,0.395,0.566,80.1
